investco_subway.swf Movie Report
---------------------------------

Frame #    Frame Bytes    Total Bytes    Scene
-------    -----------    -----------    -----
      1          37556          37556    Scene 1 (AS 2.0 Classes Export Frame)
      2             16          37572    
      3             16          37588    
      4             16          37604    
      5             16          37620    
      6             23          37643    
      7             23          37666    
      8             20          37686    
      9             15          37701    
     10             15          37716    
     11             15          37731    
     12             54          37785    
     13             15          37800    
     14             15          37815    
     15             15          37830    
     16             15          37845    
     17             14          37859    
     18             14          37873    
     19             14          37887    
     20             14          37901    
     21             14          37915    
     22             14          37929    
     23             38          37967    
     24              7          37974    
     25              7          37981    
     26              8          37989    
     27              8          37997    
     28              1          37998    
     29              1          37999    
     30              1          38000    
     31              1          38001    
     32              1          38002    
     33              1          38003    
     34              1          38004    
     35              1          38005    
     36              1          38006    
     37              1          38007    
     38              1          38008    
     39              1          38009    
     40              1          38010    
     41              1          38011    
     42              1          38012    
     43              1          38013    
     44              1          38014    
     45              1          38015    
     46              1          38016    
     47              1          38017    
     48              1          38018    
     49              1          38019    
     50              1          38020    
     51              1          38021    
     52              1          38022    
     53              1          38023    
     54              1          38024    
     55              1          38025    
     56              1          38026    
     57              1          38027    
     58              1          38028    
     59              1          38029    
     60              1          38030    
     61              1          38031    
     62              1          38032    
     63              1          38033    
     64              1          38034    
     65              1          38035    
     66              1          38036    
     67              1          38037    
     68              1          38038    
     69              1          38039    
     70              1          38040    
     71              1          38041    
     72              1          38042    
     73              1          38043    
     74              1          38044    
     75              1          38045    
     76              1          38046    
     77              1          38047    
     78              1          38048    
     79              1          38049    
     80              1          38050    
     81              1          38051    
     82              1          38052    
     83              1          38053    
     84              1          38054    
     85              1          38055    
     86              1          38056    
     87              1          38057    
     88              1          38058    
     89              1          38059    
     90              1          38060    
     91              1          38061    
     92              1          38062    
     93              1          38063    
     94              1          38064    
     95              1          38065    
     96              1          38066    
     97              1          38067    
     98              1          38068    
     99              1          38069    
    100              1          38070    
    101              1          38071    
    102              1          38072    
    103              1          38073    
    104              1          38074    
    105              1          38075    
    106              1          38076    
    107              1          38077    
    108              1          38078    
    109              1          38079    
    110              1          38080    
    111              1          38081    
    112              1          38082    
    113              1          38083    
    114              1          38084    
    115              1          38085    
    116              1          38086    
    117              1          38087    
    118              1          38088    
    119              1          38089    
    120              1          38090    
    121              1          38091    
    122              1          38092    
    123              1          38093    
    124              1          38094    
    125              1          38095    
    126              1          38096    
    127              1          38097    
    128              1          38098    
    129              1          38099    
    130              1          38100    
    131              1          38101    
    132              1          38102    
    133              1          38103    
    134              1          38104    
    135              1          38105    
    136              1          38106    
    137              1          38107    
    138              1          38108    
    139              1          38109    
    140              1          38110    
    141             54          38164    
    142             15          38179    
    143             15          38194    
    144             15          38209    
    145             15          38224    
    146             15          38239    
    147             15          38254    
    148             14          38268    
    149             14          38282    
    150             14          38296    
    151             14          38310    
    152             14          38324    
    153             14          38338    
    154             14          38352    
    155             14          38366    
    156             14          38380    
    157             14          38394    
    158             14          38408    
    159             14          38422    
    160              7          38429    
    161              7          38436    
    162              7          38443    
    163              7          38450    
    164              7          38457    
    165              7          38464    
    166             31          38495    
    167              1          38496    
    168              1          38497    
    169              1          38498    
    170              1          38499    
    171              1          38500    
    172              1          38501    
    173              1          38502    
    174              1          38503    
    175              1          38504    
    176              1          38505    
    177              1          38506    
    178              1          38507    
    179              1          38508    
    180              1          38509    
    181              1          38510    
    182              1          38511    
    183              1          38512    
    184              1          38513    
    185              1          38514    
    186              1          38515    
    187              1          38516    
    188              1          38517    
    189              1          38518    
    190              1          38519    
    191              1          38520    
    192              1          38521    
    193              1          38522    
    194              1          38523    
    195              1          38524    
    196              1          38525    
    197              1          38526    
    198              1          38527    
    199              1          38528    
    200              1          38529    
    201              1          38530    
    202              1          38531    
    203              1          38532    
    204              1          38533    
    205              1          38534    
    206              1          38535    
    207              1          38536    
    208              1          38537    
    209              1          38538    
    210              1          38539    
    211              1          38540    
    212              1          38541    
    213              1          38542    
    214              1          38543    
    215              1          38544    
    216              1          38545    
    217              1          38546    
    218              1          38547    
    219              1          38548    
    220              1          38549    
    221              1          38550    
    222              1          38551    
    223              1          38552    
    224              1          38553    
    225              1          38554    
    226              1          38555    
    227              1          38556    
    228              1          38557    
    229              1          38558    
    230              1          38559    
    231              1          38560    
    232              1          38561    
    233              1          38562    
    234              1          38563    
    235              1          38564    
    236              1          38565    
    237              1          38566    
    238              1          38567    
    239              1          38568    
    240              1          38569    
    241              1          38570    
    242              1          38571    
    243              1          38572    
    244              1          38573    
    245              1          38574    
    246              1          38575    
    247              1          38576    
    248              1          38577    
    249              1          38578    
    250              1          38579    
    251              1          38580    
    252              1          38581    
    253              1          38582    
    254              1          38583    
    255              1          38584    
    256              1          38585    
    257              1          38586    
    258              1          38587    
    259              1          38588    
    260              1          38589    
    261              1          38590    
    262              1          38591    
    263              1          38592    
    264              1          38593    
    265              1          38594    
    266              1          38595    
    267              1          38596    
    268              1          38597    
    269              1          38598    
    270              1          38599    
    271              1          38600    
    272              1          38601    
    273              1          38602    
    274              1          38603    
    275              1          38604    
    276              1          38605    
    277              1          38606    
    278              1          38607    
    279              1          38608    
    280              1          38609    
    281              1          38610    
    282              1          38611    
    283              1          38612    
    284              1          38613    
    285              1          38614    
    286              1          38615    
    287              1          38616    
    288              1          38617    
    289              1          38618    
    290              1          38619    
    291             52          38671    
    292             13          38684    
    293             14          38698    
    294             14          38712    
    295             14          38726    
    296             14          38740    
    297             14          38754    
    298             14          38768    
    299             14          38782    
    300             15          38797    
    301             15          38812    
    302             15          38827    
    303             15          38842    
    304             15          38857    
    305              8          38865    
    306              8          38873    
    307              8          38881    
    308              8          38889    
    309             25          38914    
    310              1          38915    
    311              1          38916    
    312              1          38917    
    313              1          38918    
    314              1          38919    
    315              1          38920    
    316              1          38921    
    317              1          38922    
    318              1          38923    
    319              1          38924    
    320              1          38925    
    321              1          38926    
    322              1          38927    
    323              1          38928    
    324              1          38929    
    325              1          38930    
    326              1          38931    
    327              1          38932    
    328              1          38933    
    329              1          38934    
    330              1          38935    
    331              1          38936    
    332              1          38937    
    333              1          38938    
    334              1          38939    
    335              1          38940    
    336              1          38941    
    337              1          38942    
    338              1          38943    
    339              1          38944    
    340              1          38945    
    341              1          38946    
    342              1          38947    
    343              1          38948    
    344              1          38949    
    345              1          38950    
    346              1          38951    
    347              1          38952    
    348              1          38953    
    349              1          38954    
    350              1          38955    
    351              1          38956    
    352              1          38957    
    353              1          38958    
    354              1          38959    
    355              1          38960    
    356              1          38961    
    357              1          38962    
    358              1          38963    
    359              1          38964    
    360              1          38965    
    361              1          38966    
    362              1          38967    
    363              1          38968    
    364              1          38969    
    365              1          38970    
    366              1          38971    
    367              1          38972    
    368              1          38973    
    369              1          38974    
    370              1          38975    
    371              1          38976    
    372              1          38977    
    373              1          38978    
    374              1          38979    
    375              1          38980    
    376              1          38981    
    377              1          38982    
    378              1          38983    
    379              1          38984    
    380              1          38985    
    381              1          38986    
    382              1          38987    
    383              1          38988    
    384              1          38989    
    385              1          38990    
    386              1          38991    
    387              1          38992    
    388              1          38993    
    389              1          38994    
    390              1          38995    
    391              1          38996    
    392              1          38997    
    393              1          38998    
    394              1          38999    
    395              1          39000    
    396              1          39001    
    397              1          39002    
    398              1          39003    
    399              1          39004    
    400              1          39005    
    401              1          39006    
    402              1          39007    
    403              1          39008    
    404              1          39009    
    405              1          39010    
    406              1          39011    
    407              1          39012    
    408              1          39013    
    409              1          39014    
    410              1          39015    
    411              1          39016    
    412              1          39017    
    413              1          39018    
    414              1          39019    
    415              1          39020    
    416              1          39021    
    417              1          39022    
    418              1          39023    
    419              1          39024    
    420              1          39025    
    421              1          39026    
    422              1          39027    
    423              1          39028    
    424              1          39029    
    425              1          39030    
    426              1          39031    
    427              1          39032    
    428              1          39033    
    429              1          39034    
    430           2091          41125    
    431             15          41140    
    432             15          41155    
    433             15          41170    
    434             15          41185    
    435             15          41200    
    436             15          41215    
    437             15          41230    
    438             15          41245    
    439             15          41260    
    440             15          41275    
    441             11          41286    
    442              8          41294    
    443              7          41301    
    444              7          41308    
    445              7          41315    
    446              7          41322    
    447              7          41329    
    448              7          41336    
    449              7          41343    
    450              7          41350    

Scene      Shape Bytes    Text Bytes    ActionScript Bytes
-------    -----------    ----------    ------------------
Scene 1              0             0                   290

Symbol                    Shape Bytes    Text Bytes    ActionScript Bytes
----------------------    -----------    ----------    ------------------
mc light fade                       0             0                     0
gfx light fade                      0             0                     0
mc light pass                       0             0                     0
gfx light shape                     0             0                     0
gfx frame2                          0             0                     0
gfx frame1                          0             0                     0
mc video anim                       0            28                   238
btn empty                          23             0                     0
gfx video frame3                    0             0                     0
gfx video frame2                    0             0                     0
gfx video frame1                    0             0                     0
mc video frames                     0             0                     0
mc video light flicker              0             0                     0
gfx gredient circle                 0             0                     0
gfx video leaves                    0             0                     0
mc video leaves                     0             0                     0
mc candle anim 1                    0             0                     0
mc candle anim 2                    0             0                     0
gfx candle flame                    0             0                     0
mc text bubble                      0           375                     4
gfx text bubble BG                 69             0                     0
mc video clip                       0             0                     0
mc video bubble                   115             0                     0
gfx BG                              0             0                     0
header                            649             0                     0
gfx logo                            0             0                     0
ticker bottom                     111             0                     0
ticker middle                      98             0                     0
ticker top                        116             0                     0
ticker                           1203             0                     1


Tweened Shapes: 59 bytes

Font Name               Bytes         Characters
--------------------    ----------    ----------
Interstate-Regular            2032     .AMSTacdefghiklmnoprstuvwy
BubbledotICG-FinePos          7866     !"#$%&'()*+,-./0123456789:;<=>?@[\]^_`{|}~ˆ˜–—‘’‚“”„†‡•…‰‹›™

ActionScript Bytes    Location
------------------    --------
                96    Scene 1:as:1
               237    mc video anim:Layer 4:1
                 1    mc video anim:Layer 4:7
                 0    mc text bubble:Layer 5:1
                 1    mc text bubble:Layer 3:1
                 1    mc text bubble:Layer 3:2
                 1    mc text bubble:Layer 3:3
                 1    mc text bubble:Layer 3:19
                34    Scene 1:as:12
                19    Scene 1:as:23
                34    Scene 1:as:141
                19    Scene 1:as:166
                34    Scene 1:as:291
                19    Scene 1:as:309
                34    Scene 1:as:430
                 1    ticker:script:17
                 1    Scene 1:as:450

Bitmap             Compressed    Original      Compression
---------------    ----------    ----------    -----------
BG.jpg                   5538        300000    Imported JPEG=102
frame3.jpg copy          7127        241032    JPEG Quality=61
frame2.jpg copy          6307        241032    JPEG Quality=54
frame1.jpg copy          6223        241032    JPEG Quality=54




